round,subtomogram_id,file_name,runtime_s,r00,r01,r02,r10,r11,r12,r20,r21,r22
1,0,0.mrc,29.42586164700333,1.0,0.0,0.0,0.0,1.0,0.0,0.0,0.0,1.0
1,1,1.mrc,28.880090741004096,0.7265656590461731,0.22600345313549042,0.6488642692565918,0.3612946569919586,-0.9289261102676392,-0.0810089111328125,0.5844386219978333,0.2932894825935364,-0.7565796375274658
1,2,2.mrc,28.74641481001163,0.46675699949264526,-0.7431572675704956,0.47943219542503357,-0.7656742930412292,-0.06827856600284576,0.639594316482544,-0.44258421659469604,-0.6656240224838257,-0.6008858680725098
1,3,3.mrc,28.99407350299589,1.0,0.0,0.0,0.0,1.0,0.0,0.0,0.0,1.0
1,4,4.mrc,29.466087278997293,1.0,0.0,0.0,0.0,1.0,0.0,0.0,0.0,1.0
1,5,5.mrc,30.501182556006825,0.9343679547309875,-0.18753765523433685,-0.3029623329639435,0.21271227300167084,-0.38854461908340454,0.8965414762496948,-0.2858496606349945,-0.9021434187889099,-0.3231520652770996
1,6,6.mrc,29.60381312201207,-0.9059188365936279,-0.057332247495651245,-0.41955217719078064,-0.2559269070625305,0.8634882569313049,0.4346140921115875,0.3373609781265259,0.5010998249053955,-0.7969231605529785
1,7,7.mrc,29.48607789100788,1.0,0.0,0.0,0.0,1.0,0.0,0.0,0.0,1.0
1,8,8.mrc,29.493782046993147,0.26900607347488403,0.27449047565460205,-0.9231958985328674,-0.2279278039932251,0.9494444727897644,0.21587996184825897,0.9357802271842957,0.15234899520874023,0.317970335483551
1,9,9.mrc,29.136859113001265,-0.8284745812416077,0.0833163633942604,0.5537943840026855,0.349906861782074,0.849102258682251,0.3957151770591736,-0.4372585415840149,0.5216164588928223,-0.7326126098632812
1,10,10.mrc,29.647622220989433,1.0,0.0,0.0,0.0,1.0,0.0,0.0,0.0,1.0
1,11,11.mrc,29.218314774989267,0.2424747794866562,-0.9493839144706726,-0.19969026744365692,0.9022257924079895,0.14500080049037933,0.40615683794021606,-0.35664352774620056,-0.2786484956741333,0.8917176723480225
1,12,12.mrc,29.808818655001232,1.0,0.0,0.0,0.0,1.0,0.0,0.0,0.0,1.0
1,13,13.mrc,30.16401198800304,1.0,0.0,0.0,0.0,1.0,0.0,0.0,0.0,1.0
1,14,14.mrc,29.640103715995792,0.5255012512207031,0.6917404532432556,0.49532172083854675,-0.4267910122871399,0.7179685831069946,-0.5498823523521423,-0.7360012531280518,0.07756499201059341,0.6725220084190369
1,15,15.mrc,29.230323266994674,0.36959925293922424,0.14429500699043274,0.9179190397262573,0.5728203058242798,0.7424423694610596,-0.34735602140426636,-0.7316237092018127,0.6541851758956909,0.19175104796886444
1,16,16.mrc,30.67704338299518,1.0,0.0,0.0,0.0,1.0,0.0,0.0,0.0,1.0
1,17,17.mrc,29.922118034999585,1.0,0.0,0.0,0.0,1.0,0.0,0.0,0.0,1.0
1,18,18.mrc,29.75148457598698,1.0,0.0,0.0,0.0,1.0,0.0,0.0,0.0,1.0
1,19,19.mrc,29.910712279001018,-0.6450546979904175,-0.3162526488304138,0.6956210732460022,0.7413728833198547,-0.038473114371299744,0.6699895858764648,-0.1851232796907425,0.9478945732116699,0.25927841663360596
1,20,20.mrc,31.091910935996566,1.0,0.0,0.0,0.0,1.0,0.0,0.0,0.0,1.0
1,21,21.mrc,30.12367354000162,0.7566969394683838,0.4568306803703308,0.4676702916622162,-0.5174129605293274,-0.018783707171678543,0.8555296659469604,0.3996167778968811,-0.8893553018569946,0.2221565544605255
1,22,22.mrc,29.909264225003426,0.5498899221420288,-0.05112699419260025,-0.8336708545684814,0.7363572716712952,-0.4414096474647522,0.5127723813056946,-0.3942068815231323,-0.8958479762077332,-0.20507897436618805
1,23,23.mrc,29.837250755008426,0.3172355890274048,0.21034149825572968,-0.9247258901596069,-0.4782498776912689,0.8775047063827515,0.03553243726491928,0.8189252614974976,0.4309779107570648,0.37897151708602905
1,24,24.mrc,30.092890982996323,-0.7709118723869324,-0.0865831971168518,0.631029486656189,0.5723314881324768,0.34060943126678467,0.745936930179596,-0.279520183801651,0.9362096786499023,-0.2130255550146103
1,25,25.mrc,29.042104962994927,-0.9098116159439087,0.05717671290040016,-0.4110639989376068,0.35489770770072937,0.6206532716751099,-0.699168860912323,0.21515204012393951,-0.7819976806640625,-0.5849694609642029
1,26,26.mrc,29.949767858997802,1.0,0.0,0.0,0.0,1.0,0.0,0.0,0.0,1.0
1,27,27.mrc,30.040542714006733,1.0,0.0,0.0,0.0,1.0,0.0,0.0,0.0,1.0
1,28,28.mrc,29.689479931010283,-0.9849601984024048,-0.007338589057326317,0.1726253628730774,-0.11078856885433197,-0.7398509383201599,-0.6635860800743103,0.13258682191371918,-0.6727308034896851,0.7279106974601746
1,29,29.mrc,29.40751011300017,-0.2448398470878601,-0.011294335126876831,-0.9694977402687073,-0.7969475388526917,0.5718433260917664,0.19460171461105347,0.5522028803825378,0.8202850818634033,-0.1490110158920288
1,30,30.mrc,29.517150904997834,-0.760922372341156,-0.17494535446166992,0.6248129606246948,-0.17698590457439423,-0.8704850077629089,-0.45927318930625916,0.6242380738258362,-0.46005433797836304,0.6314086318016052
1,31,31.mrc,29.446641490008915,-0.7744863033294678,-0.1727544069290161,-0.6085448861122131,0.12324552237987518,0.9023477435112,-0.4130122661590576,0.62046879529953,-0.394872784614563,-0.6775647401809692
1,32,32.mrc,29.32629990100395,0.268632709980011,0.6975048184394836,-0.6643218398094177,-0.514487624168396,0.6869533658027649,0.5132227540016174,0.814333438873291,0.20391695201396942,0.5433956980705261
1,33,33.mrc,29.587381094010198,0.8970526456832886,0.0633075088262558,-0.4373656213283539,-0.34474122524261475,-0.5189642906188965,-0.7821953892707825,-0.27649596333503723,0.8524484038352966,-0.44371357560157776
1,34,34.mrc,29.568362891004654,0.8633883595466614,0.33218610286712646,0.3797537684440613,0.08721726387739182,-0.8396073579788208,0.5361461043357849,0.4969443380832672,-0.4297812283039093,-0.7538795471191406
1,35,35.mrc,30.69278235800448,0.32744115591049194,0.28306275606155396,0.9014753103256226,-0.8149461150169373,0.5674300789833069,0.11783858388662338,-0.4781684875488281,-0.773239016532898,0.4164808690547943
1,36,36.mrc,30.722751203997177,1.0,0.0,0.0,0.0,1.0,0.0,0.0,0.0,1.0
1,37,37.mrc,30.35321569800726,1.0,0.0,0.0,0.0,1.0,0.0,0.0,0.0,1.0
1,38,38.mrc,30.437178968990338,1.0,0.0,0.0,0.0,1.0,0.0,0.0,0.0,1.0
1,39,39.mrc,30.198873376997653,0.5842200517654419,-0.0692063644528389,0.8086392283439636,-0.219946026802063,-0.9725728631019592,0.07566866278648376,0.7812238335609436,-0.22206412255764008,-0.5834182500839233
2,0,0.mrc,30.150791107007535,0.8809932470321655,0.3326801657676697,0.3364146053791046,0.29432323575019836,0.17135530710220337,-0.9402186870574951,-0.3704385459423065,0.9273409843444824,0.05304736644029617
2,1,1.mrc,30.009064037003554,0.7434784770011902,-0.05689551681280136,-0.6663352251052856,-0.6676152944564819,-0.12141290307044983,-0.734539806842804,-0.03910967335104942,0.9909701347351074,-0.12825219333171844
2,2,2.mrc,30.16368709199014,0.9588901400566101,0.11513438820838928,0.25937190651893616,0.027213377878069878,0.8724769949913025,-0.4878968894481659,-0.2824697196483612,0.4748978912830353,0.8334763646125793
2,3,3.mrc,30.588925980002386,0.862493634223938,0.3162386119365692,-0.3950921893119812,0.43533796072006226,-0.06555823236703873,0.8978769183158875,0.2580418288707733,-0.9464117884635925,-0.19421423971652985
2,4,4.mrc,30.6912829149951,0.8074839115142822,0.2628600001335144,0.5280855894088745,0.5595490336418152,-0.05790303274989128,-0.8267720937728882,-0.18674756586551666,0.96309494972229,-0.19383883476257324
2,5,5.mrc,30.619465345007484,0.9967511296272278,-0.031826701015233994,0.0739884003996849,0.005298222415149212,0.9425358176231384,0.3340631425380707,-0.08036883920431137,-0.33258581161499023,0.9396422505378723
2,6,6.mrc,30.997196611002437,-0.2409650981426239,-0.9199721217155457,-0.3091716766357422,0.6501818299293518,-0.38952574133872986,0.6523290872573853,-0.7205548882484436,-0.04382927343249321,0.692011296749115
2,7,7.mrc,30.774128481993102,0.47382795810699463,-0.7232086062431335,-0.5024504065513611,0.7964499592781067,0.10851410776376724,0.5948883891105652,-0.37570542097091675,-0.6820513606071472,0.6274164319038391
2,8,8.mrc,30.28139884599659,0.6096431612968445,0.3919649124145508,-0.6889837980270386,0.6639695167541504,0.2222719043493271,0.7139605283737183,0.432989239692688,-0.89272540807724,-0.12474621087312698
2,9,9.mrc,29.67359208400012,0.8474440574645996,-0.504683792591095,0.16472028195858002,0.2084512561559677,0.601682186126709,0.7710555195808411,-0.4882484972476959,-0.6190903186798096,0.615094006061554
2,10,10.mrc,28.54006178599957,-0.865523099899292,-0.3385860025882721,-0.3690924644470215,0.39804452657699585,-0.01768154464662075,-0.9171956777572632,0.30402350425720215,-0.9407693147659302,0.15007609128952026
2,11,11.mrc,29.1549877429934,0.8042557239532471,0.5941268801689148,0.013637376949191093,-0.4440857768058777,0.6160812973976135,-0.6505625247955322,-0.39491844177246094,0.5171625018119812,0.7593302130699158
2,12,12.mrc,28.990384714008542,-0.7328783869743347,0.2351871281862259,0.6384170651435852,-0.06731748580932617,-0.9588143825531006,0.27594074606895447,0.6770211458206177,0.15925438702106476,0.7185265421867371
2,13,13.mrc,28.872917661996325,-0.4447815716266632,-0.2845730781555176,0.8492276072502136,0.054042380303144455,-0.954980194568634,-0.29170578718185425,0.89400714635849,-0.08385106921195984,0.4401366114616394
2,14,14.mrc,29.001539360004244,0.05958574637770653,0.9065797328948975,-0.41780704259872437,-0.8264569640159607,0.2795412540435791,0.4886978268623352,0.5598378777503967,0.31618010997772217,0.7659057974815369
2,15,15.mrc,28.623562057007803,1.0,0.0,0.0,0.0,1.0,0.0,0.0,0.0,1.0
2,16,16.mrc,28.255525312008103,-0.35020381212234497,0.773449718952179,0.5283302068710327,0.42177507281303406,0.6338436007499695,-0.6483425498008728,-0.8363391160964966,-0.004215535707771778,-0.5481962561607361
2,17,17.mrc,28.828991032001795,0.320003479719162,-0.6777941584587097,0.6619613766670227,0.6823019981384277,-0.3198845088481903,-0.6573719382286072,0.6573140621185303,0.662018895149231,0.36009615659713745
2,18,18.mrc,29.031916441002977,-0.24926075339317322,-0.07335896790027618,-0.9656539559364319,-0.9676014184951782,0.06026294454932213,0.24518537521362305,0.040206603705883026,0.9954832196235657,-0.08600343018770218
2,19,19.mrc,28.686243461997947,-0.2069787234067917,-0.1731909066438675,-0.9628939032554626,-0.7455993294715881,0.6651545763015747,0.04063217341899872,0.6334362030029297,0.7263430953025818,-0.2668038606643677
2,20,20.mrc,28.850314322990016,0.2059045433998108,-0.9610102772712708,0.18456034362316132,-0.8253877758979797,-0.06924083828926086,0.5603041648864746,-0.5256789326667786,-0.26770302653312683,-0.8074631690979004
2,21,21.mrc,28.880747095987317,0.7892124652862549,0.31372418999671936,-0.5279402136802673,0.10359552502632141,-0.9153598546981812,-0.38908129930496216,-0.6053194999694824,0.2523755431175232,-0.7549138069152832
2,22,22.mrc,28.643342235998716,1.0,0.0,0.0,0.0,1.0,0.0,0.0,0.0,1.0
2,23,23.mrc,28.704041567994864,0.7050793170928955,0.21110491454601288,-0.6769770383834839,0.40273383259773254,-0.90496826171875,0.13725140690803528,-0.5836682319641113,-0.36941465735435486,-0.7230934500694275
2,24,24.mrc,28.75223734100291,0.8669483661651611,0.11037932336330414,0.4860215485095978,-0.03187132254242897,0.9854496717453003,-0.16695243120193481,-0.497377872467041,0.1292489916086197,0.8578519225120544
2,25,25.mrc,28.5856268889911,1.0,0.0,0.0,0.0,1.0,0.0,0.0,0.0,1.0
2,26,26.mrc,28.65793622599449,-0.13088788092136383,0.9128541350364685,-0.386737197637558,0.17370964586734772,-0.3629414439201355,-0.9154771566390991,-0.9760600924491882,-0.18700484931468964,-0.11106692999601364
2,27,27.mrc,28.794480390002718,-0.6862643957138062,0.11260168254375458,0.718583345413208,0.726016640663147,0.04620388150215149,0.6861231923103333,0.04405728727579117,0.992565393447876,-0.1134587749838829
2,28,28.mrc,28.61594312399393,-0.8293493986129761,-0.48599353432655334,0.27566251158714294,0.08837217837572098,-0.6012611389160156,-0.7941507697105408,0.551697313785553,-0.6342675685882568,0.5416038632392883
2,29,29.mrc,29.090115436993074,-0.8279574513435364,-0.07548100501298904,0.5556879043579102,0.1622697412967682,-0.9807567596435547,0.10855722427368164,0.5368006825447083,0.18005208671092987,0.8242731690406799
2,30,30.mrc,28.91450805599743,-0.6058160662651062,-0.6332395076751709,0.4816582202911377,-0.0016584029654040933,0.6064026951789856,0.7951560020446777,-0.7956029772758484,0.4809194803237915,-0.3684186339378357
2,31,31.mrc,28.735907836002298,-0.9039169549942017,-0.40362682938575745,-0.14149020612239838,-0.41509944200515747,0.9076085686683655,0.06276240199804306,0.10308513790369034,0.11546450853347778,-0.9879480600357056
2,32,32.mrc,28.83818274299847,-0.7999865412712097,-0.18048317730426788,-0.5722301006317139,0.19681435823440552,0.8219924569129944,-0.5344085097312927,0.5668206214904785,-0.5401427745819092,-0.6220612525939941
2,33,33.mrc,28.93171989500115,1.0,0.0,0.0,0.0,1.0,0.0,0.0,0.0,1.0
2,34,34.mrc,29.08070649500587,-0.7648945450782776,0.0169585719704628,0.6439322233200073,0.10957291722297668,-0.9816592931747437,0.15600907802581787,0.6347677111625671,0.18988803029060364,0.7490076422691345
2,35,35.mrc,28.80482085098629,0.9247384667396545,0.3150787055492401,-0.2135043889284134,0.38031861186027527,-0.7866488695144653,0.48635509610176086,-0.014712861739099026,-0.5309509634971619,-0.8472748398780823
2,36,36.mrc,29.00019140599761,-0.23420189321041107,-0.8443132042884827,-0.48195916414260864,0.8297558426856995,0.08473803102970123,-0.5516563057899475,0.5066109895706177,-0.529107391834259,0.680728018283844
2,37,37.mrc,28.876283339996007,0.3339739739894867,-0.9198099374771118,0.2059393972158432,-0.7490272521972656,-0.12634862959384918,0.65038001537323,-0.5722059011459351,-0.37146422266960144,-0.7311598658561707
2,38,38.mrc,28.7786807520024,-0.811837911605835,0.06493490934371948,0.5802608132362366,0.0024772710166871548,0.9941707849502563,-0.10778815299272537,-0.5838775634765625,-0.08606904745101929,-0.8072664141654968
2,39,39.mrc,28.894212990999222,-0.9984609484672546,-0.004097178112715483,0.05530738830566406,0.003109926823526621,-0.9998344779014587,-0.017924541607499123,0.05537167564034462,-0.01772495172917843,0.9983084797859192
3,0,0.mrc,28.977931925997837,0.4538954794406891,-0.6799190044403076,0.5759245157241821,0.7215955257415771,-0.0987149104475975,-0.6852409839630127,0.5227607488632202,0.7266123294830322,0.44582027196884155
3,1,1.mrc,28.878909102000762,0.8053463101387024,0.12823879718780518,0.5787677764892578,0.5786678791046143,0.04188239201903343,-0.8144872188568115,-0.12868903577327728,0.9908585548400879,-0.04047783836722374
3,2,2.mrc,28.682768077007495,-0.976229727268219,-0.06486976146697998,0.2068028301000595,0.18387742340564728,0.25722768902778625,0.9486954212188721,-0.11473706364631653,0.9641710519790649,-0.23918524384498596
3,3,3.mrc,28.679321055999026,0.445244699716568,0.6049883961677551,0.6601107716560364,-0.789470374584198,-0.08260484039783478,0.60820472240448,0.4224851429462433,-0.7919378280639648,0.44084104895591736
3,4,4.mrc,29.17503889699583,-0.17770403623580933,-0.8524816632270813,-0.49162614345550537,0.3072989583015442,-0.5226659774780273,0.7952280640602112,-0.9348735809326172,-0.009760970249772072,0.3548465967178345
3,5,5.mrc,28.68202727699827,-0.9799299240112305,0.03358267992734909,0.19649304449558258,0.025046074762940407,-0.957153856754303,0.28849464654922485,0.19776250422000885,0.28762590885162354,0.9371026158332825
3,6,6.mrc,29.1945455110108,-0.5663105249404907,-0.042297687381505966,-0.8231058716773987,0.8137502074241638,0.12977084517478943,-0.5665422677993774,0.13077858090400696,-0.9906414151191711,-0.03907084837555885
3,7,7.mrc,28.978794042006484,0.9096891283988953,0.18037688732147217,0.37407201528549194,-0.33885714411735535,-0.19834452867507935,0.9196930527687073,0.24008649587631226,-0.9633917212486267,-0.11930986493825912
3,8,8.mrc,29.016958020001766,0.7560945749282837,0.22147522866725922,-0.6158487796783447,0.3139277696609497,-0.9484107494354248,0.044344689697027206,-0.5742563009262085,-0.22686082124710083,-0.7866154313087463
3,9,9.mrc,29.014328300007037,0.9411140084266663,-0.31671616435050964,0.11830148845911026,0.061085619032382965,0.50344318151474,0.861866295337677,-0.3325250744819641,-0.8038879632949829,0.4931442439556122
3,10,10.mrc,29.05389400200511,0.527434229850769,0.16452531516551971,0.8335133790969849,0.08197834342718124,0.9666371941566467,-0.24267694354057312,-0.8456315398216248,0.19632618129253387,0.4963500499725342
3,11,11.mrc,29.09458650299348,0.8400247097015381,0.5179972648620605,0.16136100888252258,-0.01168264914304018,0.3146139681339264,-0.9491478204727173,-0.542422354221344,0.7954224944114685,0.2703350782394409
3,12,12.mrc,29.114134621006087,0.11376644670963287,-0.9772695302963257,-0.17888958752155304,0.5594636797904968,0.2118130475282669,-0.8013336658477783,0.8210101127624512,-0.008917344734072685,0.5708440542221069
3,13,13.mrc,29.150807204001467,-0.7920803427696228,-0.018936563283205032,-0.6101230382919312,-0.5960314273834229,0.23970764875411987,0.7663463354110718,0.13173919916152954,0.9706604480743408,-0.20115451514720917
3,14,14.mrc,28.87774346100923,0.4507949948310852,-0.20763865113258362,-0.8681417107582092,-0.4518890380859375,0.7856470346450806,-0.4225577414035797,0.7697923183441162,0.5827906131744385,0.26033613085746765
3,15,15.mrc,28.948460653002257,1.0,0.0,0.0,0.0,1.0,0.0,0.0,0.0,1.0
3,16,16.mrc,28.9383420630038,-0.923097550868988,0.031545232981443405,0.3832698464393616,0.38424399495124817,0.11642280966043472,0.9158614873886108,-0.015730291604995728,0.9926986694335938,-0.11959067732095718
3,17,17.mrc,28.968226281998795,0.14142681658267975,0.8749715685844421,-0.4630585014820099,-0.8793965578079224,0.3258436918258667,0.3471131920814514,0.45459887385368347,0.35812094807624817,0.8155300617218018
3,18,18.mrc,27.162875413996517,-0.4712338149547577,0.877284049987793,-0.09116657078266144,0.3719913065433502,0.29140040278434753,0.8813105225563049,0.7997257113456726,0.38139015436172485,-0.46365976333618164
3,19,19.mrc,27.44259609900473,-0.7650451064109802,-0.1699204295873642,0.6211546063423157,-0.10529795289039612,-0.9185714721679688,-0.3809707760810852,0.635309636592865,-0.35686615109443665,0.6848563551902771
3,20,20.mrc,28.886814837998827,0.5076043009757996,0.24469232559204102,0.8261135220527649,-0.8447125554084778,-0.04751681908965111,0.533106803894043,0.16970142722129822,-0.9684357643127441,0.18257492780685425
3,21,21.mrc,28.824112913003773,-0.7566603422164917,-0.1075013056397438,0.6449097394943237,-0.4114891290664673,0.8448289036750793,-0.3419661223888397,-0.5080766081809998,-0.5241255760192871,-0.6834841370582581
3,22,22.mrc,28.65302594899549,1.0,0.0,0.0,0.0,1.0,0.0,0.0,0.0,1.0
3,23,23.mrc,28.67002160899574,-0.8794364333152771,0.11682818830013275,0.461457222700119,0.013785969465970993,-0.9627569913864136,0.27001646161079407,0.4758166968822479,0.24382393062114716,0.8450729846954346
3,24,24.mrc,28.508946992005804,-0.11941017955541611,0.8360986709594727,0.5354253053665161,0.8316619396209717,-0.21032331883907318,0.513909101486206,0.5422911047935486,0.5066588521003723,-0.6702366471290588
3,25,25.mrc,28.63502056901052,1.0,0.0,0.0,0.0,1.0,0.0,0.0,0.0,1.0
3,26,26.mrc,28.56717027700506,-0.5265154838562012,0.057758647948503494,0.8482012748718262,-0.009135584346950054,0.997247576713562,-0.07357887923717499,-0.8501164317131042,-0.04648923501372337,-0.5245386362075806
3,27,27.mrc,29.013270070994622,0.6627654433250427,-0.05921170115470886,0.7464823722839355,-0.22300420701503754,-0.9672446846961975,0.12127181887626648,0.7148504257202148,-0.24684348702430725,-0.6542608141899109
3,28,28.mrc,28.71083295599965,0.9211779832839966,0.25265073776245117,-0.29597076773643494,-0.2809162139892578,-0.09458168596029282,-0.9550604224205017,-0.26929011940956116,0.9629236459732056,-0.01615288481116295
3,29,29.mrc,28.840110111006652,-0.9244908690452576,0.02667253464460373,0.38026994466781616,0.27661067247390747,-0.6394681930541992,0.7173332571983337,0.2623036205768585,0.7683547735214233,0.5838045477867126
3,30,30.mrc,28.70255389699014,-0.10423321276903152,-0.8588048815727234,-0.5015870332717896,0.3700040280818939,-0.5016184449195862,0.7819693088531494,-0.9231643676757812,-0.10408204793930054,0.37004655599594116
3,31,31.mrc,29.711868166006752,-0.6946814656257629,-0.7144292593002319,0.08371643722057343,0.07007965445518494,0.048609934747219086,0.9963563084602356,-0.7158955931663513,0.6980171203613281,0.016298536211252213
3,32,32.mrc,29.35092345000885,0.013497227802872658,0.7305490374565125,0.6827268004417419,0.7302546501159668,-0.4736177921295166,0.49235594272613525,0.6830417513847351,0.49191898107528687,-0.539879322052002
3,33,33.mrc,29.37465903600969,1.0,0.0,0.0,0.0,1.0,0.0,0.0,0.0,1.0
3,34,34.mrc,29.535778897989076,-0.8750216960906982,-0.15122374892234802,0.45985692739486694,0.18832646310329437,-0.9814611673355103,0.03559698164463043,0.44594860076904297,0.1177513599395752,0.8872792720794678
3,35,35.mrc,28.628552840003977,0.8247615098953247,-0.06253102421760559,0.5620127320289612,0.43336230516433716,0.7083644270896912,-0.5571507215499878,-0.3632706105709076,0.703071653842926,0.6113303303718567
3,36,36.mrc,29.698981862005894,0.3109070360660553,-0.7825660705566406,0.5393766760826111,-0.8174418210983276,0.06935904175043106,0.571820080280304,-0.484897643327713,-0.6186919212341309,-0.6181379556655884
3,37,37.mrc,30.428593516990077,-0.14026235044002533,-0.628652036190033,0.7649333477020264,-0.5159178376197815,-0.6129958033561707,-0.5983853340148926,0.8450770974159241,-0.47857367992401123,-0.23835255205631256
3,38,38.mrc,30.836932517995592,-0.6517932415008545,-0.32865041494369507,-0.6834869980812073,0.6742234230041504,-0.6637625694274902,-0.3237932026386261,-0.3472582995891571,-0.671869158744812,0.6542197465896606
3,39,39.mrc,30.73242286099412,0.9755841493606567,-0.13045944273471832,0.17668019235134125,0.019720472395420074,0.8532443642616272,0.5211383104324341,-0.21873879432678223,-0.5049300193786621,0.8349844217300415
4,0,0.mrc,29.51203525600431,-0.7757830619812012,0.0627918392419815,-0.6278676986694336,-0.39827868342399597,0.7230536937713623,0.564417839050293,0.48942288756370544,0.6879320740699768,-0.5359241366386414
4,1,1.mrc,29.428178805988864,-0.4758056402206421,0.0601155124604702,-0.877493679523468,0.0013904455117881298,-0.9976089000701904,-0.0690983384847641,-0.8795493245124817,-0.03409748524427414,0.47458434104919434
4,2,2.mrc,29.175618228007806,-0.8569337725639343,-0.015363282524049282,0.5151975154876709,0.20489072799682617,-0.9273407459259033,0.3131435513496399,0.4729527533054352,0.37390246987342834,0.7978174090385437
4,3,3.mrc,29.65424925700063,0.7050825953483582,-0.048157669603824615,0.7074881196022034,-0.6712828278541565,-0.3668910562992096,0.6440266370773315,0.22855623066425323,-0.9290165901184082,-0.2910158932209015
4,4,4.mrc,30.845903923996957,-0.8935047388076782,0.025497008115053177,-0.4483293294906616,0.448578417301178,0.004752988461405039,-0.8937308192253113,-0.020656557753682137,-0.9996635913848877,-0.015684224665164948
4,5,5.mrc,29.752049565009656,-0.8067612051963806,-0.4714317321777344,-0.35621407628059387,-0.5749448537826538,0.4872659146785736,0.6572749018669128,-0.13628928363323212,0.7350673675537109,-0.6641544699668884
4,6,6.mrc,29.800287889011088,0.6332721710205078,0.6109972596168518,-0.4750249683856964,0.08018118143081665,-0.6622769832611084,-0.7449564933776855,-0.7697644829750061,0.43367213010787964,-0.4683920443058014
4,7,7.mrc,29.89563294200343,0.8201421499252319,0.028369609266519547,0.5714560747146606,-0.4857073426246643,-0.493380069732666,0.7215708494186401,0.30241572856903076,-0.8693510890007019,-0.39086246490478516
4,8,8.mrc,29.79870886800927,0.6167038679122925,0.2568906247615814,-0.7440991997718811,0.7865427732467651,-0.23956376314163208,0.5691745281219482,-0.03204360976815224,-0.9362779855728149,-0.3497953712940216
4,9,9.mrc,29.771918283004197,0.9368522763252258,0.31144803762435913,-0.1590844988822937,0.3495001196861267,-0.8500972986221313,0.39393436908721924,-0.012547217309474945,-0.4246583580970764,-0.9052667021751404
4,10,10.mrc,29.645491568007856,-0.12155277281999588,0.9925433993339539,-0.009084591642022133,-0.7740026712417603,-0.08905116468667984,0.6268889307975769,0.6214054822921753,0.08323159068822861,0.779055655002594
4,11,11.mrc,30.185570478992304,-0.87171870470047,0.13634681701660156,0.4706549346446991,0.2152179628610611,-0.7563667893409729,0.6177300810813904,0.44021329283714294,0.6397802829742432,0.629994809627533
4,12,12.mrc,30.532667041989043,0.44484609365463257,-0.05170457437634468,-0.894113302230835,0.8952510356903076,0.053817082196474075,0.44230005145072937,0.025249633938074112,-0.9972112774848938,0.07022889703512192
4,13,13.mrc,30.868341403998784,-0.7164430618286133,-0.1279279887676239,0.6858161687850952,0.10658366978168488,-0.9915745854377747,-0.07361888885498047,0.6894558072090149,0.020353056490421295,0.724041759967804
4,14,14.mrc,29.93195306599955,-0.6678361892700195,-0.021202227100729942,0.7440062165260315,-0.34358131885528564,0.8955038189888,-0.2828865647315979,-0.6602625846862793,-0.44454851746559143,-0.6053345203399658
4,15,15.mrc,29.611193124001147,1.0,0.0,0.0,0.0,1.0,0.0,0.0,0.0,1.0
4,16,16.mrc,29.477743413997814,0.5609678626060486,-0.06568655371665955,-0.8252274394035339,-0.13702112436294556,0.9757301211357117,-0.17080962657928467,0.8164191842079163,0.20889230072498322,0.5383527874946594
4,17,17.mrc,29.341250900994055,0.07451428472995758,0.9714763760566711,-0.22512494027614594,-0.2054869830608368,0.2358657717704773,0.9498118162155151,0.9758189916610718,-0.024514302611351013,0.2172011137008667
4,18,18.mrc,29.202310552995186,0.8161979913711548,-0.17844851315021515,0.5495243072509766,0.2324696034193039,-0.7692958116531372,-0.5950981378555298,0.5289411544799805,0.6134656071662903,-0.5864138603210449
4,19,19.mrc,29.469022021992714,0.8875864744186401,0.24867546558380127,-0.3877509534358978,0.12648513913154602,0.6778383851051331,0.7242490649223328,0.44293543696403503,-0.6918783783912659,0.5701863765716553
4,20,20.mrc,29.180248987002415,-0.732663631439209,-0.1990005522966385,-0.6508477330207825,0.6768445372581482,-0.3132486045360565,-0.6661507487297058,-0.0713127851486206,-0.9285871386528015,0.3641982972621918
4,21,21.mrc,29.167130656001973,0.6648077964782715,0.24741066992282867,-0.7048535943031311,0.6988363862037659,-0.5393540263175964,0.469813734292984,-0.26392871141433716,-0.8049131631851196,-0.5314663648605347
4,22,22.mrc,29.095317230996443,1.0,0.0,0.0,0.0,1.0,0.0,0.0,0.0,1.0
4,23,23.mrc,28.770687616997748,-0.9080939888954163,0.31767669320106506,0.2728493809700012,-0.07714548707008362,-0.7673099637031555,0.6366191506385803,0.41159912943840027,0.557060956954956,0.7212969064712524
4,24,24.mrc,29.212832795994473,-0.8165214657783508,-0.3774285614490509,-0.4368528723716736,0.003409844357520342,0.7535313367843628,-0.6574031710624695,0.577305018901825,-0.5382733345031738,-0.6139875054359436
4,25,25.mrc,29.127892581003834,1.0,0.0,0.0,0.0,1.0,0.0,0.0,0.0,1.0
4,26,26.mrc,28.648452831010218,0.06613112986087799,-0.8399930596351624,0.5385521054267883,0.3046383559703827,0.5309604406356812,0.7907442450523376,-0.9501695036888123,0.11177082359790802,0.2910071313381195
4,27,27.mrc,29.113601478005876,-0.09046601504087448,0.9957356452941895,-0.01806848682463169,-0.6327537894248962,-0.04345870390534401,0.7731325626373291,0.7690504193305969,0.0813751295208931,0.6339870095252991
4,28,28.mrc,28.787800161007908,0.6814159750938416,0.3631330728530884,-0.6354578137397766,0.723911464214325,-0.4622995853424072,0.5120851993560791,-0.10781680792570114,-0.8089582324028015,-0.5778945088386536
4,29,29.mrc,28.7808462420071,0.5694257020950317,0.5362079739570618,-0.6230853796005249,0.7322972416877747,-0.6752589344978333,0.08812540769577026,-0.37349045276641846,-0.5064646005630493,-0.7771733999252319
4,30,30.mrc,29.06992943600926,0.6743596792221069,-0.2438521534204483,-0.6969757080078125,-0.6640578508377075,-0.6130443811416626,-0.4280230402946472,-0.32290270924568176,0.7514736652374268,-0.5753443837165833
4,31,31.mrc,28.94079535099445,0.3685499131679535,-0.11919039487838745,0.9219352602958679,0.5264148712158203,-0.7906539440155029,-0.3126559257507324,0.7661973237991333,0.6005497574806213,-0.22865186631679535
4,32,32.mrc,28.54733034200035,-0.6391372084617615,0.007593042217195034,0.7690552473068237,-0.7266618013381958,-0.3335074782371521,-0.6006125211715698,0.25192520022392273,-0.9427168965339661,0.21867460012435913
4,33,33.mrc,28.786806111005717,1.0,0.0,0.0,0.0,1.0,0.0,0.0,0.0,1.0
4,34,34.mrc,28.93337034599972,0.6992738842964172,0.4462403655052185,-0.5584671497344971,0.7002376914024353,-0.5847604870796204,0.40953919291496277,-0.14381659030914307,-0.67743980884552,-0.7213820815086365
4,35,35.mrc,29.25769375100208,0.9395372867584229,0.06732375174760818,0.335763543844223,0.17589564621448517,0.7463839650154114,-0.6418502330780029,-0.2938202917575836,0.6621015667915344,0.6894136071205139
4,36,36.mrc,28.9962684649945,0.2695105969905853,-0.16564232110977173,0.9486446380615234,0.9488933086395264,0.21365886926651,-0.2322743833065033,-0.16421186923980713,0.9627629518508911,0.2147602140903473
4,37,37.mrc,29.458249945993884,0.4159943461418152,-0.9030194282531738,0.10725966840982437,0.4355540871620178,0.30139586329460144,0.8482058644294739,-0.7982739806175232,-0.3061314523220062,0.5186927914619446
4,38,38.mrc,29.17643942599534,0.7832703590393066,-0.14117559790611267,0.6054394841194153,0.04587182775139809,-0.9580953121185303,-0.2827528417110443,0.6199865341186523,0.2492445409297943,-0.7439717054367065
4,39,39.mrc,28.947409525004332,0.9458793997764587,-0.04164145886898041,0.3218356668949127,-0.17989027500152588,0.7581357955932617,0.6267931461334229,-0.27009570598602295,-0.6507658362388611,0.709614098072052
5,0,0.mrc,29.150472282010014,0.6565477252006531,0.2355593889951706,0.7165590524673462,0.30268964171409607,-0.9524182677268982,0.03575539588928223,0.6908864378929138,0.19341988861560822,-0.6966094374656677
5,1,1.mrc,29.121157446003053,0.12457426637411118,-0.9769935011863708,-0.17310379445552826,0.26039329171180725,0.20053929090499878,-0.9444465637207031,0.9574322700500488,0.07257866859436035,0.279384583234787
5,2,2.mrc,29.00429855499533,-0.88893723487854,-0.008438551798462868,0.45795127749443054,0.16579145193099976,-0.9379607439041138,0.3045371472835541,0.4269704520702362,0.34663882851600647,0.8351872563362122
5,3,3.mrc,28.951195028988877,-0.3029192388057709,0.2242528349161148,0.9262562394142151,0.5651848912239075,-0.7402860522270203,0.3640640676021576,0.7673369646072388,0.6337880492210388,0.09750258177518845
5,4,4.mrc,29.020998593012337,-0.19255653023719788,-0.814209520816803,-0.5477086901664734,0.20579348504543304,-0.5792487263679504,0.7887458205223083,-0.9594639539718628,0.03916327655315399,0.27909713983535767
5,5,5.mrc,28.83198059500137,0.6976754665374756,0.49878332018852234,-0.5142607688903809,0.6625481843948364,-0.7222943305969238,0.19829487800598145,-0.27254143357276917,-0.47906798124313354,-0.8343949913978577
5,6,6.mrc,29.316200612011016,0.6574264168739319,0.34606489539146423,-0.6693501472473145,0.14138880372047424,-0.929175615310669,-0.3415287733078003,-0.7401349544525146,0.12989141047000885,-0.659794270992279
5,7,7.mrc,29.230911551989266,-0.7052767276763916,0.1581753045320511,0.6910610198974609,-0.11972444504499435,0.9342153072357178,-0.33601757884025574,-0.6987494230270386,-0.3197222948074341,-0.6399428844451904
5,8,8.mrc,28.73855077101325,-0.5527688264846802,-0.37004536390304565,0.7466679811477661,0.5406473875045776,0.522589921951294,0.6592421531677246,-0.6341506242752075,0.7680925726890564,-0.0888073742389679
5,9,9.mrc,28.78567529299471,-0.9729292392730713,-0.2039690911769867,0.10865204781293869,0.02293574810028076,-0.5530452728271484,-0.8328354358673096,0.22996218502521515,-0.8077979683876038,0.5427520871162415
5,10,10.mrc,28.787014544999693,-0.442173570394516,-0.023807022720575333,-0.8966134786605835,-0.8968831896781921,0.02189336158335209,0.4417252540588379,0.009113720618188381,0.9994767904281616,-0.031032783910632133
5,11,11.mrc,28.899265026993817,-0.9569075703620911,0.002227518241852522,0.29038411378860474,0.18573805689811707,-0.7639821171760559,0.6179261803627014,0.2232246994972229,0.6452336311340332,0.7306464910507202
5,12,12.mrc,29.12921562998963,0.7424872517585754,-0.15450577437877655,-0.6517980098724365,0.6696010828018188,0.19825375080108643,0.7157722115516663,0.018630463629961014,-0.9678964018821716,0.2506581246852875
5,13,13.mrc,28.978667306000716,0.2801378071308136,-0.9579620957374573,0.06189877912402153,-0.843012809753418,-0.21465447545051575,0.4932067394256592,-0.45918649435043335,-0.1903473138809204,-0.8677071332931519
5,14,14.mrc,29.467431899000076,0.17302651703357697,-0.2866138517856598,-0.9422920346260071,-0.5373689532279968,0.7743065357208252,-0.33419156074523926,0.8254068493843079,0.564182460308075,-0.0200418122112751
5,15,15.mrc,28.733632332994603,1.0,0.0,0.0,0.0,1.0,0.0,0.0,0.0,1.0
5,16,16.mrc,28.811900674001663,-0.049097828567028046,0.9710650444030762,0.23371374607086182,0.608758270740509,-0.1564159095287323,0.7777836322784424,0.7918350696563721,0.18046267330646515,-0.5834642052650452
5,17,17.mrc,29.33148785000958,0.7163124680519104,0.18207897245883942,-0.6736049652099609,-0.6715840697288513,-0.08212674409151077,-0.7363626956939697,-0.1893971562385559,0.9798481464385986,0.06345292925834656
5,18,18.mrc,28.889264659999753,-0.32860127091407776,0.5206692218780518,0.7879878282546997,0.4682849049568176,0.8143627047538757,-0.34281569719314575,-0.8202014565467834,0.25635313987731934,-0.5114221572875977
5,19,19.mrc,28.813459306998993,0.768431544303894,0.24303123354911804,-0.591987133026123,-0.23575562238693237,-0.7524992227554321,-0.6149505972862244,-0.5949220657348633,0.6121117472648621,-0.5209481120109558
5,20,20.mrc,28.993700029008323,-0.4890022575855255,0.23122179508209229,0.8410786390304565,0.1270463466644287,0.9728246331214905,-0.19357559084892273,-0.8629809021949768,0.012197076342999935,-0.505089282989502
5,21,21.mrc,29.15586378100852,-0.06606622785329819,-0.9029034972190857,-0.4247358441352844,0.6283701062202454,0.2930102050304413,-0.7206220030784607,0.7751040458679199,-0.3145000636577606,0.5479994416236877
5,22,22.mrc,28.87952628399944,1.0,0.0,0.0,0.0,1.0,0.0,0.0,0.0,1.0
5,23,23.mrc,28.70721016699099,0.9325371980667114,0.11592667549848557,-0.3419581949710846,-0.26051807403564453,-0.43972766399383545,-0.8595172762870789,-0.2500094473361969,0.890618085861206,-0.37986138463020325
5,24,24.mrc,29.175318023000727,-0.8542038202285767,-0.4912474453449249,-0.17032843828201294,-0.5171774625778198,0.7690677046775818,0.37558263540267944,-0.0535099133849144,0.40891414880752563,-0.9110026955604553
5,25,25.mrc,29.074149299995042,1.0,0.0,0.0,0.0,1.0,0.0,0.0,0.0,1.0
5,26,26.mrc,28.92114566100645,-0.02142397128045559,-0.9750984311103821,0.22073528170585632,0.42107775807380676,-0.20904892683029175,-0.882605254650116,0.9067714810371399,0.07403780519962311,0.41507092118263245
5,27,27.mrc,29.003003833000548,0.17428338527679443,-0.9692203998565674,0.17388835549354553,0.483709454536438,0.2380836009979248,0.8422240614891052,-0.8577007055282593,-0.06267421692609787,0.5103150606155396
5,28,28.mrc,28.77264156799356,-0.7975138425827026,0.10267633944749832,0.5944991111755371,0.102756068110466,-0.9478946328163147,0.30155763030052185,0.594485342502594,0.30158478021621704,0.7454084753990173
5,29,29.mrc,28.765781426001922,-0.8949460983276367,0.004216267727315426,0.44615432620048523,0.3510429263114929,-0.6105464696884155,0.7099308967590332,0.27539122104644775,0.7919691801071167,0.544926106929779
5,30,30.mrc,29.03221359400777,0.591880738735199,0.8050887584686279,-0.038849860429763794,-0.6689427495002747,0.5175361633300781,0.533546507358551,0.44965851306915283,-0.28980758786201477,0.8448779582977295
5,31,31.mrc,29.183053651009686,-0.03797456994652748,-0.22287105023860931,0.9741080403327942,0.7867701053619385,0.5943237543106079,0.1666496992111206,-0.6160768866539001,0.7727274894714355,0.15277908742427826
5,32,32.mrc,29.01569682599802,-0.9904243350028992,0.13393539190292358,-0.033480480313301086,-0.12611788511276245,-0.7791150808334351,0.6140635013580322,0.05615969002246857,0.6124058961868286,0.7885462045669556
5,33,33.mrc,28.61710220600071,1.0,0.0,0.0,0.0,1.0,0.0,0.0,0.0,1.0
5,34,34.mrc,28.663693042995874,0.7052152752876282,0.4141387939453125,-0.5754655003547668,0.6789194941520691,-0.6283479928970337,0.3797987699508667,-0.20430317521095276,-0.658534586429596,-0.7242875099182129
5,35,35.mrc,28.827149050994194,0.9818838834762573,-0.0866679847240448,0.16850124299526215,0.17130723595619202,0.7860738039016724,-0.5939207077026367,-0.08098050206899643,0.6120266914367676,0.7866800427436829
5,36,36.mrc,28.890129821011215,0.8616617918014526,-0.22002822160720825,-0.45730358362197876,0.25994378328323364,-0.582570493221283,0.7700914144515991,-0.4358534514904022,-0.7824316024780273,-0.4447837769985199
5,37,37.mrc,28.6114620139997,0.2078324258327484,0.5284616351127625,-0.8231245279312134,0.8569144010543823,-0.5041631460189819,-0.10731826722621918,-0.4717026650905609,-0.6830430626869202,-0.5576278567314148
5,38,38.mrc,28.73812867999368,-0.7507377862930298,0.23209990561008453,-0.6184839606285095,-0.6513981223106384,-0.10436853766441345,0.7515235543251038,0.1098782867193222,0.9670764207839966,0.22954285144805908
5,39,39.mrc,28.75379822899413,-0.6966317892074585,-0.4234897494316101,-0.5791032314300537,-0.6689237356185913,0.6751735806465149,0.31093674898147583,0.25931668281555176,0.6039843559265137,-0.753629744052887
